230.75 3.75 5.25 11.25 18.25 6.5 12.0 15.5 2.75 20.0
-7.0 256.0 4.0 8.0 17.6667 -3.6667 -3.0 4.0 9.0 21.6667
2.8 4.2 189.0 5.4 10.8 12.6 -7.8 8.0 14.8 13.0
16.5714 14.8571 25.4286 240.4286 25.7143 2.1429 5.5714 10.5714 5.4286 6.4286
6.1667 -19.0 9.8333 12.1667 214.0 -6.1667 14.5 3.6667 -10.5 -14.1667
-0.875 11.125 7.125 6.375 13.375 181.75 -6.0 1.875 -15.75 -8.75
-7.5714 -1.4286 5.2857 9.8571 -18.0 7.1429 196.8571 -10.1429 -8.8571 -12.8571
17.2 11.0 15.6 2.8 2.2 14.2 15.6 206.8 5.2 6.4
15.8333 4.8333 -5.8333 5.5 -9.6667 7.6667 5.6667 9.5 181.1667 -3.0
0.9167 -2.0 -2.5833 2.9167 3.9167 10.6667 2.1667 9.5833 -3.5833 152.0833
